10001
16384
16384
16384
16384
13218
10574
8812
7553
6609
5874
5287
4806
4406
4067
3776
3524
3304
3110
2937
2782
2643
2517
2403
2298
2203
2114
2033
1958
1888
1823
1762
1705
1652
1602
1555
1510
1468
1429
1391
1355
1321
1289
1258
1229
1201
1174
1149
1124
1101
1079
1057
1036
1016
997
979
961
944
927
911
896
881
866
852
839
826
813
801
789
777
766
755
744
734
724
714
704
695
686
677
669
660
652
644
637
629
622
614
607
600
594
587
581
574
568
562
556
550
545
539
534
528
523
518
513
508
503
498
494
489
485
480
476
472
467
463
459
455
451
448
444
440
436
433
429
426
422
419
416
413
409
406
403
400
397
394
391
388
385
383
380
377
374
372
369
367
364
362
359
357
354
352
350
347
345
343
341
338
336
334
332
330
328
326
324
322
320
318
316
314
312
311
309
307
305
303
302
300
298
297
295
293
292
290
288
287
285
284
282
281
279
278
276
275
273
272
271
269
268
267
265
264
263
261
260
259
257
256
255
254
252
251
250
249
248
247
245
244
243
242
241
240
239
238
237
236
234
233
232
231
230
229
228
227
226
225
224
224
223
222
221
220
219
218
217
216
215
214
214
213
212
211
210
209
208
208
